$ANSIBLE_VAULT;1.1;AES256
39353737326462376633326630663863613932303033666538636466383861346266326239653630
6265336133326539396163373735623336326232393032630a663734383533356532613030343461
61373739333261336436353635653361343639613833346432333066356532646261323639333538
3532326432363237360a303666643235346532353733313136313962663162396136613437303333
35646330383732643138366238613264313238316136383637343538623332336164396566663936
39376337386363326233353665373234393132646530323061663063613764383362376630376335
65646631653436396135643137333963363331643033663535616233663430373962303738646530
39353365663864393739306131336437636638326238326330366135356664323837383964346230
63383638613030613439326564353835663430663136623639613831396235306263353231373835
37656231333830653136333161323237366139383661623938633136396138653832343032373666
38396563356261396262636138346639386162656635663236626433613636373638366366666631
61653362316330336632666434393135366138333863306431396439656233363334346235316333
30633536643036363531626533356139383135306138383162326264383732653833626663623139
39353533633039306430316165316535626361376631656539396539616665653962653633333064
61323331333730353937323139663634643864313166316563333139376562363131313633383137
35333837633536663438306562663635623961303233656231353163643061323936333035316138
39316665616466353964666138613265316464343935343135386261666636663136653865623333
30336436353862333961393236333831363162646432616666363962636138656264626439373065
38623863626336353537613464316562343666656265613536353365336165653430633435356132
61306535373862383664333631363937363130383562643332383032323137393732336630663462
34623430343731303462666431633665623535353162633464376539643735656438643863323734
31636639653461373838626361663061353034623937653563343237363233653837653130353533
61383865393831396264313230333832666638636639633062336236313066346639636334656565
37353436656366626535623537333435613436346433303236323032303933663861373136653537
34303161363830633634613862656561333630356134346437306239623533363262313763396132
35313162373061393532353534636133653939353866393231623136323262376339333130363432
39346562303664326265366231353863343235636136663363376264363433346566346331393163
66346162323536373937383333396131383332303237616633363930316637383132373865363163
64616339396134633835373638616465353465323430636337616335393534326432326161376333
65393634353561373761346666646333383666353838623631353832316666373636346466656335
66393438656536353664376134396666373338633761613032333933376233356263353431646465
61386633373531313637346166633965646232313266653130383838636235326332356337646230
66353362323237663665366131343930316333343364343037623535383837376433623039373232
62633366666135393864663736336263666534633335366233626637643739623362386362656661
66646636393166383631633832663637333064626132353161663164313435323762386437373664
30636637613135623834356239353234386638613964366537653334376336643739343134616564
62363830356134326139393762336463303131356234393463623733353332613339626430666463
35376265343361396631656138366163326233393636366665363133363865633366396438333061
38393063653130363837336261666635393734623762633330393730353762363739353761303434
35393531653138363833303862373037343031646564353939376462313236396262656563353738
66623937626531663238343037363664376631616162636365643961396534333930653665656130
66663665396161336364303834636636353837306361616434303933653030353033323539353334
65303436333131623533616530303431393037646535393730303665383935326266306437353735
34373939633936346266376462373337633831353638313631386237396534643337386562366230
32386330643637323936633434323839326261353964346632336531366133623333386131343135
62323862613638336433343831323735633961316663356466666663333563323633646231366431
61313237326265343236383165313164616565316363356562613433343964343464663061333562
35316333616564613738376133653762333432323362626465346538393530663133396634383932
31316666383330383939643565316533646264383466363436343564613562393665336539323864
63316463356362313965326536376463323761383761313037376431316532646332323531333737
31373563313834646466616335393065386666363533333738643430663564613039653431363230
66306465373164393339326662316137303939393264616562373436393632616263616136323635
37663436343665386365363238653264616461346263633838363432303064663463653961303432
61343730323435363563373336613535333735346662326437343262393863306537346565656432
63616136383162663861656334616465356161393864633934313965376361636461336365373866
31346639636331333136656631613562326231336139616439336634313266346164353466616634
32306432336539343466643238353436613739303665616563373732363163653433633139366361
35623936306433373464373730353863626635356261376566326637306235643865653130306661
64373730303437663833653933636638383666303261363035636334313431373531346365386138
33623563663634626334393065623463633234656638376664636634636537383635636461313564
38366232323064653336646236396166353834623335373035333361626331656230303733326633
33653535616662633932343566636363393538323632656364663265653263663735323830623464
32346565363130396238623735313265333936363364653532653766356532616632663362333535
37643465316631396635633633316661646334653533616666663563623234633763323732643733
63383834363463636462623736346466323364333935343265623630393963343133356530333564
31623966373261333635616334636233316535313031323432396137343065636164666534613933
39663264336238623239663861353764366636363235646363373931323065663137333737353566
66373937373265636239623665343265613333643061343464333564366536353534323636386538
63646232366164376539393561623932373438623234356661313061653530323432623835353066
35656166313136376236643733353031373333303835303763366332613865343233373066393438
35623962393737623265623863313739323839386566383463663735656234393762353637316630
63643461303739323039653266653961303932353138656630323066373234306137333265383162
31323138623764323962663061633936313231613162336336333036306635363334373233376162
64376636343036333837316661386235333137343135373731303436313037353933656663666566
35333966343031386261386165616635383431303966333361626466636331323130343133613436
64366531366463353632346466323539333831623333666661376335316235396261666336646561
38323437643138333538386632303435633464663034393834326230626662353930333332656135
65656361383661366531653735623434663936333863663130666336613766636661323830663062
66663236643733653535363431353966643136633564623938663939336433626130396133633332
32613539323463316461386264316636636465363435313936323832343936386265393333313464
31383861356339303163646530303561643638653961636539393139323834623265303465656166
35626437336139313633383761313537656466626235613637393936363330356133316663373161
35333831653063633732633232313261323061303536613765656237643864336537343430343930
30373639623364326439336133306363323461303665613434316533663336313666336533346466
63346334363865363863303039396238333266346366386666346663303236303563326432323162
32626664613766386666363739626530343234366665656330373531626365313462613363316231
62393631376166663236353932336438396137396332303864306563303763363064356437313034
61336661643132613066666563616361313032386564323865616139356337376638393665363633
65323233363464366534663665393230653835393962633462356262323961343535333565366438
31323031313562363937323635646335646333356536386262343935363630616338653937656162
34643238636337643661346530653734333963633034366130366539373363663962326133326130
32633631383361306163383937666664333339383663343065333239666137636364636466376639
36636434353931383963356138363733353163323537633334653963623338393563373564373439
30666361363864666564626562373133323165343938656530613931633464623566623566393135
63653330656632396265363533363334313830313265383034373864396362316534633638656333
63616262643737656263396338393230663836393262396431623837626133393164373835656632
30633061626462303734356663383263386639623336646366616461343038653339626632656233
34303239373132623166356662316437313039356561326339663833653934353434613136393130
62313638356364313639623237333961323139346161346263643239353161346566633761613437
66343835326232323261633232366163353065383535623339336339316632633535333536323866
3336
